2026/05/18-16:29:36.724098 7f5cd8efc0 Log #352: 0 ops saved to Table #355 OK
2026/05/18-16:29:36.724871 7f5cd8efc0 Archiving /data2/Data/systems/add2e/packs/sorts/000352.log: OK
2026/05/18-16:29:36.727232 7f5cd8efc0 Table #354: 1059 entries OK
2026/05/18-16:29:36.727592 7f5cd8efc0 Archiving /data2/Data/systems/add2e/packs/sorts/MANIFEST-000012: OK
2026/05/18-16:29:36.727709 7f5cd8efc0 Archiving /data2/Data/systems/add2e/packs/sorts/MANIFEST-000294: OK
2026/05/18-16:29:36.727752 7f5cd8efc0 Archiving /data2/Data/systems/add2e/packs/sorts/MANIFEST-000346: OK
2026/05/18-16:29:36.727813 7f5cd8efc0 Archiving /data2/Data/systems/add2e/packs/sorts/MANIFEST-000309: OK
2026/05/18-16:29:36.727877 7f5cd8efc0 Archiving /data2/Data/systems/add2e/packs/sorts/MANIFEST-000320: OK
2026/05/18-16:29:36.727937 7f5cd8efc0 Archiving /data2/Data/systems/add2e/packs/sorts/MANIFEST-000288: OK
2026/05/18-16:29:36.727980 7f5cd8efc0 Archiving /data2/Data/systems/add2e/packs/sorts/MANIFEST-000348: OK
2026/05/18-16:29:36.728038 7f5cd8efc0 Archiving /data2/Data/systems/add2e/packs/sorts/MANIFEST-000260: OK
2026/05/18-16:29:36.728097 7f5cd8efc0 Archiving /data2/Data/systems/add2e/packs/sorts/MANIFEST-000290: OK
2026/05/18-16:29:36.728155 7f5cd8efc0 Archiving /data2/Data/systems/add2e/packs/sorts/MANIFEST-000302: OK
2026/05/18-16:29:36.728212 7f5cd8efc0 Archiving /data2/Data/systems/add2e/packs/sorts/MANIFEST-000300: OK
2026/05/18-16:29:36.728270 7f5cd8efc0 Archiving /data2/Data/systems/add2e/packs/sorts/MANIFEST-000315: OK
2026/05/18-16:29:36.737652 7f5cd8efc0 **** Repaired leveldb /data2/Data/systems/add2e/packs/sorts; recovered 1 files; 450485 bytes. Some data may have been lost. ****
